5.10 1.40 -1.00
4.90 1.40 -1.00
4.70 1.30 -1.00
4.60 1.50 -1.00
5.00 1.40 -1.00
5.40 1.70 -1.00
4.60 1.40 -1.00
5.00 1.50 -1.00
4.40 1.40 -1.00
4.90 1.50 -1.00
5.40 1.50 -1.00
4.80 1.60 -1.00
4.80 1.40 -1.00
4.30 1.10 -1.00
5.80 1.20 -1.00
5.70 1.50 -1.00
5.40 1.30 -1.00
5.10 1.40 -1.00
5.70 1.70 -1.00
5.10 1.50 -1.00
5.40 1.70 -1.00
5.10 1.50 -1.00
4.60 1.00 -1.00
5.10 1.70 -1.00
4.80 1.90 -1.00
5.00 1.60 -1.00
5.00 1.60 -1.00
5.20 1.50 -1.00
5.20 1.40 -1.00
4.70 1.60 -1.00
4.80 1.60 -1.00
5.40 1.50 -1.00
5.20 1.50 -1.00
5.50 1.40 -1.00
4.90 1.50 -1.00
5.00 1.20 -1.00
5.50 1.30 -1.00
4.90 1.50 -1.00
4.40 1.30 -1.00
5.10 1.50 -1.00
5.00 1.30 -1.00
4.50 1.30 -1.00
4.40 1.30 -1.00
5.00 1.60 -1.00
5.10 1.90 -1.00
4.80 1.40 -1.00
5.10 1.60 -1.00
4.60 1.40 -1.00
5.30 1.50 -1.00
5.00 1.40 -1.00
7.00 4.70 1.00
6.40 4.50 1.00
6.90 4.90 1.00
5.50 4.00 1.00
6.50 4.60 1.00
5.70 4.50 1.00
6.30 4.70 1.00
4.90 3.30 1.00
6.60 4.60 1.00
5.20 3.90 1.00
5.00 3.50 1.00
5.90 4.20 1.00
6.00 4.00 1.00
6.10 4.70 1.00
5.60 3.60 1.00
6.70 4.40 1.00
5.60 4.50 1.00
5.80 4.10 1.00
6.20 4.50 1.00
5.60 3.90 1.00
5.90 4.80 1.00
6.10 4.00 1.00
6.30 4.90 1.00
6.10 4.70 1.00
6.40 4.30 1.00
6.60 4.40 1.00
6.80 4.80 1.00
6.70 5.00 1.00
6.00 4.50 1.00
5.70 3.50 1.00
5.50 3.80 1.00
5.50 3.70 1.00
5.80 3.90 1.00
6.00 5.10 1.00
5.40 4.50 1.00
6.00 4.50 1.00
6.70 4.70 1.00
6.30 4.40 1.00
5.60 4.10 1.00
5.50 4.00 1.00
5.50 4.40 1.00
6.10 4.60 1.00
5.80 4.00 1.00
5.00 3.30 1.00
5.60 4.20 1.00
5.70 4.20 1.00
5.70 4.20 1.00
6.20 4.30 1.00
5.10 3.00 1.00
5.70 4.10 1.00
